t = 0
b = 21 21 21
E = 0 0 0
-0.8639509081840515 1.5187711715698242 1.1082243919372559 0.7488139531633502 0.15415669636127766 -0.6446032706361744 -0.6625181764527487 0.1516800708760241 -0.7335276558990593 0 0 0 0 0 0
-0.3207050859928131 1.2149484157562256 1.1002217531204224 0.5911006805666951 0.6887737816393944 -0.4197507154964212 -0.6361346212511654 0.07841329074754577 -0.7675832850445462 0 0 0 0 0 0
0.25273966789245605 1.1540552377700806 1.149686336517334 0.23357920782213049 0.9625169813481048 -0.13784706848430991 -0.5629714890330934 0.018370421839174172 -0.8262721283798167 0 0 0 0 0 0
0.7965043783187866 1.3333226442337036 1.279699683189392 -0.25940448349105577 0.9530657641292505 0.1561248320718603 -0.46861263979522516 0.017121402293754223 -0.8832378226772482 0 0 0 0 0 0
1.201684832572937 1.6054632663726807 1.5636706352233887 -0.45118011393738733 0.8622516598605008 0.230127312275743 -0.3829133316950384 0.045994256015471316 -0.9226385580625757 0 0 0 0 0 0
1.287514567375183 2.0606274604797363 2.011209487915039 -0.9385638092648152 0.1394033233506991 0.3156971481928531 -0.2891196409845958 0.18208202846577742 -0.9398169864961616 0 0 0 0 0 0
1.2914789915084839 2.3094899654388428 2.5258212089538574 -0.9633729080651304 -0.06542384773099873 0.2600622236200497 -0.2677597887506957 0.30710064142206384 -0.9132326601509277 0 0 0 0 0 0
1.0419563055038452 2.305393934249878 3.062614679336548 -0.8242306577487737 -0.5655712207822704 -0.027803184167931982 -0.25773210679248326 0.41859740574193766 -0.8708331487916772 0 0 0 0 0 0
0.6984826326370239 1.944914698600769 3.468721628189087 -0.09227589775583568 -0.8714316242249162 -0.4817593621239541 -0.35640774078594845 0.4805602527352329 -0.8012710938246214 0 0 0 0 0 0
0.6830341815948486 1.3642642498016357 3.645876884460449 -0.013054758523225709 -0.9239822776804505 -0.38221240666983497 -0.541984201393701 0.32608873372295777 -0.7745445520940615 0 0 0 0 0 0
0.7327666878700256 0.8595222234725952 3.8868653774261475 0.5794389470152926 -0.505452596492681 -0.6393498098698519 -0.5931127955019685 0.2746269453994276 -0.7568337021251234 0 0 0 0 0 0
1.0869126319885254 0.3698655664920807 3.9686081409454346 0.7377848568086031 0.3723090413982153 -0.5630803519543648 -0.6484074234257033 0.1584972549500723 -0.7446115990365262 0 0 0 0 0 0
1.561131477355957 0.07493576407432556 4.097367763519287 0.6626436558548833 0.5441780753173311 -0.5145615684242266 -0.6377123525573605 0.05046880188596963 -0.7686194477320696 0 0 0 0 0 0
2.201690435409546 0.1816072165966034 4.125997543334961 0.03729462531698203 0.9955299400352968 -0.08677124763298082 -0.5169036979799401 -0.054912698894502905 -0.8542804940502764 0 0 0 0 0 0
2.660752773284912 0.4964456856250763 4.307412624359131 -0.4472857521138061 0.8803308376167578 0.15796541487605642 -0.4140763135503493 -0.04703080737013125 -0.9090263525963735 0 0 0 0 0 0
2.9625558853149414 0.8188114762306213 4.629707336425781 -0.6233513208599522 0.7565896035052135 0.19749760163094796 -0.32029781768917137 -0.01647977049473433 -0.9471735454223768 0 0 0 0 0 0
2.8798460960388184 1.2601778507232666 5.112638473510742 -0.9810651341132199 -0.002247691381861797 0.1936650472100259 -0.18995667314570103 0.20464110678290576 -0.9602283477080255 0 0 0 0 0 0
2.6695752143859863 1.3656463623046875 5.63027286529541 -0.90538587318612 -0.4240347171401192 0.021702057388787003 -0.1998624551168134 0.3805960572687347 -0.9028851755490138 0 0 0 0 0 0
2.4583921432495117 1.2470810413360596 6.111244201660156 -0.6938067705322691 -0.6478320449879261 -0.31455652377648263 -0.11467117442569204 0.5308082056783031 -0.8396982616037815 0 0 0 0 0 0
2.0410056114196777 1.3832476139068604 6.690386772155762 -0.663035453029859 0.7345228734327839 0.14443038610187375 0.44954766497723697 0.23763190233010656 0.8610679275809132 0 0 0 0 0 0
1.9344723224639893 0.708562970161438 6.487706661224365 0.3664556336904418 0.015776916091248885 -0.9303017561281858 -0.24892210190330039 0.9651253553025352 -0.08106069168344192 0 0 0 0 0 0
1.386278748512268 0.9312239289283752 6.232101917266846 0.9126029478690351 -0.10439915248663251 -0.39529315261059156 0.34396616903083277 -0.3248783577796081 0.8809888348944483 0 0 0 0 0 0
1.395466685295105 1.1013386249542236 5.71242618560791 0.9384097003721736 0.3253784205251604 -0.11625883925086723 0.20596115718378905 -0.25688356028161285 0.9442408793250573 0 0 0 0 0 0
1.630618691444397 1.4934624433517456 5.276151180267334 0.9755138707350212 -0.08622706948158856 -0.20233037461585845 0.1847258362383372 -0.17928712267417193 0.9662983457862606 0 0 0 0 0 0
2.0071280002593994 1.705386757850647 4.795114517211914 0.5157375994982428 -0.8371723768404337 -0.18209102097338406 0.2709577451261614 -0.04202751376245178 0.9616733273014768 0 0 0 0 0 0
2.22941517829895 1.6966640949249268 4.284936904907227 0.3782641586896101 -0.9202285869366417 -0.10047673380157787 0.3383099682138847 0.0359229669087918 0.9403488213719365 0 0 0 0 0 0
2.3844871520996094 1.40104341506958 3.7854065895080566 -0.10155260967549168 -0.9827492032636583 0.154567367036972 0.418864297571374 0.09843650632289924 0.9026975985583329 0 0 0 0 0 0
2.2905170917510986 0.924363374710083 3.389481544494629 -0.7272895007093441 -0.44834442714630934 0.5196510914111516 0.5785711816058152 0.007239144338253343 0.8155997686393129 0 0 0 0 0 0
2.0032854080200195 0.5785046815872192 3.0326695442199707 -0.7551228029578212 -0.2803340938999091 0.5926232768381957 0.635252750933297 -0.09204763835834515 0.766799305362446 0 0 0 0 0 0
1.4140641689300537 0.3485443592071533 2.934168577194214 -0.5309382563228625 0.5737285837049345 0.6236506074820808 0.6645033560728656 -0.1749002480862626 0.7265295541044853 0 0 0 0 0 0
0.8444705605506897 0.26745855808258057 2.822347402572632 -0.02764359251443631 0.9206583055082193 0.3893894147144093 0.7293000267212741 -0.24818996571739715 0.6375917282568415 0 0 0 0 0 0
-0.032143156975507736 -0.399711936712265 2.930570602416992 -0.8016045871212452 -0.5627492302026635 0.20184991903017385 -0.286728569575509 0.65778775457169 0.6964926398209219 0 0 0 0 0 0
-0.04313372075557709 -0.9866869449615479 2.965986967086792 -0.9639486895342321 -0.1512554381646323 -0.21891714499066053 -0.26515625802723236 0.6190745868623511 0.7392149989889311 0 0 0 0 0 0
-0.11296797543764114 -1.4722117185592651 2.7784080505371094 -0.9430764443155429 0.047864623550564686 -0.3291136551246627 -0.259481157196113 0.5179900027456916 0.815080294275162 0 0 0 0 0 0
-0.3829750716686249 -1.8575797080993652 2.408583402633667 -0.7247273759216295 0.5029201084411742 -0.47100063175675944 -0.26735786908673687 0.4246722058268345 0.8649701078277617 0 0 0 0 0 0
-0.6822251677513123 -1.888763189315796 1.8449946641921997 0.034313797066144444 0.9366741534994367 -0.3485169916905299 -0.4068416687215694 0.33167906320377794 0.8511573624331242 0 0 0 0 0 0
-0.7652446627616882 -1.7330199480056763 1.268505573272705 0.5313239054559917 0.8470083164600988 -0.016486944484086743 -0.48428209550052437 0.31974947624062133 0.8143900321231032 0 0 0 0 0 0
-0.6094558835029602 -1.4963464736938477 0.7721827030181885 0.7983474162695857 0.5102974003360778 0.3197467218689154 -0.5501263437901273 0.402634748548754 0.7316052659249986 0 0 0 0 0 0
-0.2706795334815979 -1.3278465270996094 0.33230170607566833 0.787117646193146 0.3430605125982235 0.5125966208893753 -0.6146566026085063 0.4968409650428404 0.6126551365369165 0 0 0 0 0 0
-0.6164634227752686 -1.0914052724838257 -0.6023263931274414 -0.5604195114582121 0.4107722288060009 -0.7191635052049634 0.593630668648508 0.8047320425784626 -0.0029948100808755776 0 0 0 0 0 0
-1.250956654548645 -1.1385102272033691 -0.7475253343582153 -0.16141089247868706 0.11565657211849298 -0.9800867722375572 0.4965923383686769 0.8677478204000955 0.020242768200353093 0 0 0 0 0 0
-1.64802086353302 -1.3804326057434082 -1.122481107711792 0.33176665693820884 -0.103665904420558 -0.9376482632654489 0.40224467532850444 0.9146186668289791 0.0408890628144829 0 0 0 0 0 0
-1.8031562566757202 -1.758682131767273 -1.6072561740875244 0.9106475565688613 -0.2840112850976967 -0.30009768018483185 0.2632360281022346 0.958701640082091 -0.1076938197524267 0 0 0 0 0 0
-1.8345756530761719 -2.253619432449341 -1.904158353805542 0.9516228542097619 -0.23949320847939173 -0.1925018089211442 0.19602624562385693 0.955768452844111 -0.21927237759140916 0 0 0 0 0 0
-1.4887632131576538 -2.7800772190093994 -1.993539810180664 0.8090404819889737 0.02753257126525288 0.587107703937338 0.22813201619773513 0.9057984289411815 -0.35705040164274277 0 0 0 0 0 0
-1.221653938293457 -3.2394611835479736 -1.8429898023605347 0.5106768273939427 0.23159862752353522 0.8279923029183738 0.2500991304440815 0.8815796728521822 -0.40033449185019526 0 0 0 0 0 0
-0.9897223114967346 -3.6073410511016846 -1.4252402782440186 0.005749912385902069 0.41076133115896124 0.9117247760876485 0.4426658315360508 0.8168719665942678 -0.3698204318083443 0 0 0 0 0 0
-0.9762011766433716 -3.903318166732788 -0.888657808303833 -0.44294590106219456 0.6044464537581937 0.6621505971237542 0.553908319490782 0.7652694831240926 -0.3279454097832169 0 0 0 0 0 0
-1.3181191682815552 -4.012668609619141 -0.37602752447128296 -0.7618851689411036 0.6256298765373544 -0.1676849633432907 0.6448719753404055 0.7571553782787568 -0.1041914994810817 0 0 0 0 0 0
-1.8462668657302856 -4.071096420288086 -0.068707674741745 -0.5901662042107036 0.4945296490609602 -0.6380785826269154 0.6417422089005647 0.7669201823533814 0.0006092737317392197 0 0 0 0 0 0
-2.3713090419769287 -4.1839985847473145 -0.013531520031392574 -0.4515265122149889 0.4240475867696828 -0.7850525160279253 0.611758296145112 0.7876641195102191 0.07305492409017027 0 0 0 0 0 0
-2.951594114303589 -4.232415676116943 -0.3137355148792267 0.2814221055512956 -0.03515481540833682 -0.9589399029452687 0.47739987226502173 0.8720182941823084 0.10804377155911453 0 0 0 0 0 0
-3.2979047298431396 -4.478202819824219 -0.650368869304657 0.44758489987189376 -0.15446302278955604 -0.8808001657568986 0.3808183786513927 0.9241403055469743 0.030692965722939072 0 0 0 0 0 0
-3.4392402172088623 -4.846027851104736 -1.112493634223938 0.8084586036280463 -0.2518261336755422 -0.5319570326801004 0.25080910132256456 0.9650082907100498 -0.07651008792725028 0 0 0 0 0 0
-3.2977828979492188 -5.350883960723877 -1.3123058080673218 0.9629520770357971 -0.04235745785683144 0.2663252580893349 0.09454413906470599 0.9777339619156741 -0.18734381624487342 0 0 0 0 0 0
-3.143932342529297 -5.858870983123779 -1.8177961111068726 0.23462407572211363 0.0874840945905016 -0.9681415579785964 -0.714906162952064 -0.6590364466866099 -0.23362392880833968 0 0 0 0 0 0
-2.7113401889801025 -5.954041481018066 -1.258735179901123 -0.09950402929511096 0.8921292609517285 0.4406862034461264 -0.20466806320629294 0.4146809813932025 -0.8866513788260612 0 0 0 0 0 0
-2.2779617309570312 -5.672501087188721 -1.6522367000579834 -0.6172954366723499 0.40722008103647256 0.6731405124222887 -0.4211522678927436 -0.8938598155732983 0.15377059976493476 0 0 0 0 0 0
-2.2886664867401123 -5.118800163269043 -1.6556706428527832 -0.7252132908543575 0.27643084586801475 0.6305962814835551 -0.358214363128613 -0.9336352046635144 -0.0027883079600515724 0 0 0 0 0 0
-2.557981252670288 -4.544861316680908 -1.688395380973816 -0.4118353249565505 0.09774327565627494 0.9060010580467961 -0.3868596519610011 -0.9189636957863964 -0.07645479390607757 0 0 0 0 0 0
-2.7013235092163086 -4.036826133728027 -1.5495538711547852 -0.24892810486243194 -0.040051942701555376 0.9676934641173461 -0.40343746907406025 -0.9041119684841394 -0.14078265870074805 0 0 0 0 0 0
-2.7860968112945557 -3.5957915782928467 -1.0705618858337402 0.5127554095538338 -0.4163669698300998 0.7508131834269968 -0.5406517341197453 -0.8359691004394189 -0.09408169590213199 0 0 0 0 0 0
-2.606480836868286 -3.2570998668670654 -0.6981689929962158 0.6232673648109008 -0.5152869818441038 0.5882321976087928 -0.604266087865273 -0.7948981737347813 -0.05476667279566654 0 0 0 0 0 0
-2.2133617401123047 -3.045452356338501 -0.28641942143440247 0.746559115232691 -0.6631039796480689 0.05424573382188829 -0.6649807627125371 -0.7462776475094489 0.02950013644062314 0 0 0 0 0 0
-1.6029634475708008 -2.9768476486206055 -0.17695532739162445 0.37954238454768335 -0.5557256558882828 -0.7396732884993187 -0.5549833156677096 -0.7763725176094431 0.2987293645279124 0 0 0 0 0 0
-1.025731086730957 -2.892101764678955 -0.35806378722190857 -0.07370352909755366 -0.4100692363821079 -0.9090715104828448 -0.4030646606513203 -0.8215502299392455 0.403229585993896 0 0 0 0 0 0
-0.6694713830947876 -2.7019147872924805 -0.7470742464065552 -0.5777583235786364 -0.33212785031513475 -0.7455779037636853 -0.10812253010644787 -0.8745716815347255 0.4726879439343706 0 0 0 0 0 0
0.3344818353652954 -3.0592563152313232 -0.4367966949939728 0.8621764128494767 -0.11298656392136755 0.4938480226742346 0.40385888848326207 -0.4355634557228757 -0.8044765218648773 0 0 0 0 0 0
0.23621174693107605 -3.114917039871216 0.08754551410675049 0.9248317112475543 0.04827380221815671 0.37730086918840094 0.3415606689153193 -0.5427162514579705 -0.7673300332018347 0 0 0 0 0 0
0.4379412829875946 -2.9675991535186768 0.6254909634590149 0.8817570330431613 0.47147562329213233 0.014672127324167745 0.3469620925244153 -0.6261534492567019 -0.6982472086124037 0 0 0 0 0 0
0.7222197651863098 -2.6378912925720215 1.0608196258544922 0.5953742459181378 0.7111070635643439 -0.373973597258289 0.4037608674076219 -0.666020278774287 -0.6272114079093793 0 0 0 0 0 0
0.9589283466339111 -2.141472578048706 1.3663629293441772 0.17849386989879285 0.7157910372023273 -0.6751171227789806 0.47718854062160204 -0.6629019687864566 -0.5769333379849576 0 0 0 0 0 0
0.951438307762146 -1.545440673828125 1.4331469535827637 -0.2953078000096104 0.4394224505368365 -0.8483520573545428 0.5684840467477804 -0.633018600327283 -0.5254648801137471 0 0 0 0 0 0
0.6496211290359497 -0.9939807057380676 1.2330925464630127 -0.7901928378426576 -0.315966181083096 -0.5251291759500055 0.608195159123207 -0.508850754518723 -0.6092368653034903 0 0 0 0 0 0
0.2427547574043274 -0.6016550064086914 1.1964091062545776 -0.7728989233657214 -0.5344126859347114 -0.3420969677915259 0.5911141302436531 -0.4109843625583809 -0.6940287737253916 0 0 0 0 0 0
-0.347689151763916 -0.5319485664367676 1.2336262464523315 -0.4362574131125665 -0.8969710585147506 0.07157087180731808 0.5418770653674466 -0.3262808945199078 -0.7745385877411485 0 0 0 0 0 0
-0.9127551317214966 -0.6610194444656372 1.442104458808899 -0.001270621932812694 -0.9391763198862628 0.3434330002850626 0.4739464192685501 -0.30291377128674674 -0.8268119730793454 0 0 0 0 0 0
-1.2368687391281128 -1.0027464628219604 1.8841558694839478 0.732904378630797 -0.4662925030607524 0.49540132556659905 0.3399899389749142 -0.3796985199135923 -0.8603696155555829 0 0 0 0 0 0
-1.3243582248687744 -1.2408477067947388 2.4335436820983887 0.9581966417360793 0.0358575571995864 0.28385459544875796 0.270263363778459 -0.43848463336787624 -0.8571399771912356 0 0 0 0 0 0
-1.2855247259140015 -1.253524899482727 2.9614436626434326 0.9762883942856946 0.18757523559673356 0.10805786493305485 0.19477279714999193 -0.5414452819509392 -0.8178634141123053 0 0 0 0 0 0
-0.993255615234375 -1.0913294553756714 3.451305866241455 0.7680849459310933 0.568268129992571 -0.2951556339776963 0.17398226883805723 -0.6286986023154735 -0.7579368295422331 0 0 0 0 0 0
-0.5392595529556274 -0.6660820841789246 3.7797205448150635 0.11471175828749111 0.7401064794052645 -0.662633844331043 0.3446831719211746 -0.6552044263818892 -0.6722355767466771 0 0 0 0 0 0
-0.4668627083301544 -0.1196061298251152 3.928274393081665 -0.491257442926567 0.44398872812918233 -0.7493598161520817 0.5141379978427543 -0.5465336782253181 -0.6610318129558883 0 0 0 0 0 0
-0.5663279891014099 0.4202672243118286 4.0102739334106445 -0.6161793338134673 0.2782979951659583 -0.7367993312074868 0.5551123747755788 -0.5094002594598748 -0.6575421104638313 0 0 0 0 0 0
-0.9198929667472839 0.9191675782203674 3.9405157566070557 -0.7913906720352388 -0.2169737178158909 -0.5715095887146279 0.6030677233939352 -0.4244208781262669 -0.675408201912728 0 0 0 0 0 0
-1.4500447511672974 1.1577447652816772 3.9488117694854736 -0.6159905812533626 -0.76326095026376 -0.19490594041641346 0.625765122448084 -0.32400956692346833 -0.7095321078496736 0 0 0 0 0 0
-2.0774664878845215 1.067109227180481 4.043579578399658 0.010731220815423775 -0.9675203777724467 0.2525651589092856 0.48881241892371546 -0.21504451982942968 -0.8454692623610135 0 0 0 0 0 0
-2.5189342498779297 0.9467992782592773 4.346182346343994 0.31921214904709694 -0.8961941776940099 0.3081227024548687 0.38249840865819035 -0.17584341492936048 -0.9070689393866007 0 0 0 0 0 0
-2.7157442569732666 0.567233681678772 4.8267340660095215 0.8943646273589605 -0.354894663038945 0.2723264428503799 0.15375055232489115 -0.3274576775320997 -0.932272619508411 0 0 0 0 0 0
-2.719043254852295 0.3920605480670929 5.3641581535339355 0.9530224242276711 -0.18599949159243034 0.2390657818395815 0.11543211294721575 -0.5094489978965707 -0.8527233700577939 0 0 0 0 0 0
-2.4547836780548096 0.3604605197906494 5.9117841720581055 0.9789342907990325 0.1945167277248576 -0.06205559550120214 0.08721182772265515 -0.6717628651275456 -0.735614539103806 0 0 0 0 0 0
-2.1489450931549072 0.6840654611587524 6.2569122314453125 0.5223587699450513 0.5189057215318384 -0.6766669547295886 0.04675788007897561 -0.809988220769241 -0.5845791502145791 0 0 0 0 0 0
-1.6250859498977661 0.856578528881073 6.7484517097473145 0.8154252501936498 -0.4813626603630881 0.3215146195039876 -0.303023961450274 0.11672189736324652 0.945807843836636 0 0 0 0 0 0
-1.6869025230407715 1.3873569965362549 6.273269176483154 -0.49056580585355514 -0.485186785674625 -0.7238362889037668 0.4093881433915889 -0.8614579011018795 0.30048566135430155 0 0 0 0 0 0
-1.1428706645965576 1.1255011558532715 6.02871561050415 -0.9581057498316365 -0.1799261806802559 -0.22284510684637762 -0.2858973745274758 0.6166556029961205 0.7334838502187949 0 0 0 0 0 0
-1.2206072807312012 0.7010252475738525 5.672632217407227 -0.989366184842531 -0.1335227504449504 -0.0576734549316266 -0.12167453015868139 0.5425312187695348 0.8311769879941983 0 0 0 0 0 0
-1.465395212173462 0.15687067806720734 5.451136112213135 -0.926664339218225 0.28703489814169764 -0.2427018122512395 -0.09416071127521437 0.4479489430511151 0.8890868938813206 0 0 0 0 0 0
-1.7056721448898315 -0.21989479660987854 5.109283924102783 -0.8310869429673866 0.4902959251083799 -0.26249647435964174 -0.08531493035414167 0.35437957192032915 0.9312016331945687 0 0 0 0 0 0
-2.176591634750366 -0.27625709772109985 4.597228050231934 -0.2367270623169894 0.9219803880923639 -0.30645140224809253 -0.3302888417380642 0.22047030968415451 0.9177701910451771 0 0 0 0 0 0
-2.2737278938293457 -0.23258556425571442 4.079081058502197 0.07551073855454825 0.9874543321973097 -0.13867973964394267 -0.4115950661390207 0.15757526591527282 0.8976410959296295 0 0 0 0 0 0
-2.215650796890259 0.2064162641763687 3.5294201374053955 0.659842438603623 0.7147511643206539 0.23181615413920906 -0.5851290812902025 0.2952798472639959 0.7552706601134689 0 0 0 0 0 0
-1.8663272857666016 0.41587865352630615 3.173112630844116 0.7639415408089233 0.13543354853291759 0.630912891101672 -0.6304999938207551 0.3652425689101904 0.6848851171166684 0 0 0 0 0 0
-1.344668984413147 0.5511180758476257 2.969440460205078 0.5293877597552867 -0.3463803116121036 0.7744477255107546 -0.6410538731523646 0.43463074613937114 0.6325709811765675 0 0 0 0 0 0
-0.8033314347267151 0.5218615531921387 2.9047629833221436 0.38643198836974835 -0.5281298219481044 0.7561409984478201 -0.6149685081277502 0.4621684645933987 0.6389163046491376 0 0 0 0 0 0
-0.1973433792591095 0.24704314768314362 2.9541423320770264 -0.2219407209203082 -0.68372057705248 0.6951751498093106 -0.363148475481256 0.7187413781265233 0.5929030410821199 0 0 0 0 0 0
0.31670278310775757 0.93402099609375 2.8226823806762695 0.15960742103467024 0.8656675754244754 0.474494594288883 0.3978665646710076 -0.49552594503359176 0.7721115427938222 0 0 0 0 0 0
0.03281962126493454 1.5687700510025024 2.876971483230591 0.8420884965457618 0.5336415403229942 -0.07818996372297916 0.3527117682291887 -0.43484393169495306 0.8285560715007246 0 0 0 0 0 0
0.0030616263393312693 2.0908451080322266 2.6759088039398193 0.9559905432026494 0.04042744637363359 -0.2905988693832279 0.28633981228990757 -0.3449502639357103 0.8938785305109774 0 0 0 0 0 0
0.0840359628200531 2.5071654319763184 2.3100078105926514 0.9356304416759247 -0.18259287190108586 -0.3020852855407352 0.2568698978745741 -0.23470161598140957 0.9375142703029223 0 0 0 0 0 0
0.41544681787490845 2.640106201171875 1.782204270362854 0.41926491917462805 -0.8795110008545539 -0.2251162520239568 0.3471435725981025 -0.07377431984245411 0.9349057116819904 0 0 0 0 0 0
0.5868496298789978 2.630876064300537 1.23410964012146 0.2471897444324171 -0.9589947970371764 -0.13865860774961486 0.4458475281613059 -0.014812604765118505 0.8949863509420274 0 0 0 0 0 0
0.6396163105964661 2.324716567993164 0.7095851302146912 -0.23332823304561828 -0.9574623541602787 0.16977566383220752 0.555367053283953 0.01198204658405767 0.831519011620514 0 0 0 0 0 0
0.41357922554016113 1.9187175035476685 0.3465408980846405 -0.6178448679697919 -0.625908370524618 0.47592691753105126 0.6384541626013769 -0.04618109031442999 0.7682731214576917 0 0 0 0 0 0
-0.021143455058336258 1.5364114046096802 0.13490177690982819 -0.7288138706987883 -0.10991483714412499 0.6758321318586668 0.6844517436609365 -0.13872328372903328 0.7157385424517376 0 0 0 0 0 0
-0.6881139278411865 1.2325996160507202 0.08519478142261505 -0.5534347997830921 0.5363395912875636 0.6372203427438098 0.591343527665556 -0.28551350037911305 0.7541849066305438 0 0 0 0 0 0
-1.2034556865692139 1.2643158435821533 -0.04631219804286957 -0.35686074121546235 0.7196545285115321 0.5956070608815809 0.5661857251239578 -0.33969279405895664 0.7510276495111731 0 0 0 0 0 0
-1.7724543809890747 1.6212126016616821 -0.015270665287971497 0.40514526840060566 0.8919935997726556 0.20051117040509456 0.40872656924817297 -0.37285814253430005 0.8330182453803098 0 0 0 0 0 0
-2.0470423698425293 2.1125285625457764 -0.16248486936092377 0.8115438018022079 0.5832618756106409 -0.03467336464169073 0.2809970822342865 -0.33757096596806097 0.8983799211420568 0 0 0 0 0 0
-2.0777690410614014 2.6053526401519775 -0.44609305262565613 0.9756888734158276 0.12395559210351773 -0.1807380244409558 0.2013537506569193 -0.18183712252117354 0.9624925599554581 0 0 0 0 0 0
-1.9723113775253296 2.97979998588562 -0.8480653762817383 0.9757982499747611 -0.10747375081580836 -0.1904394082950665 0.18394678509457335 -0.0692367375952456 0.9804946988232714 0 0 0 0 0 0
-1.616595983505249 3.086354970932007 -1.3263453245162964 0.7642230977490055 -0.6345201025169829 -0.11553049973384173 0.17600635361806227 0.03261097485524391 0.9838487118480485 0 0 0 0 0 0
-1.227594256401062 2.920706272125244 -1.8350768089294434 0.052758730707977396 -0.9966798329178362 0.062014732031649575 0.39780190977741375 0.07791669666595548 0.9141567857638578 0 0 0 0 0 0
-1.1583367586135864 2.6643567085266113 -2.301063060760498 -0.21323530664650295 -0.96099132845412 0.17614304026942848 0.49383855905987806 0.049098601516545604 0.8681663463385245 0 0 0 0 0 0
-1.2501543760299683 2.188601016998291 -2.696617364883423 -0.5963780030753479 -0.6722412864445755 0.43866266110441 0.5688207388242735 0.031276593354406086 0.8218666204388341 0 0 0 0 0 0
-1.6674364805221558 1.7663663625717163 -2.914011240005493 -0.7526744563198471 0.17532851011687625 0.6346188433570334 0.6135909410178022 -0.16314504175029537 0.7725864692402932 0 0 0 0 0 0
-2.153531551361084 1.5559015274047852 -3.1495914459228516 -0.6644387500855753 0.34666366978175334 0.6620766174984327 0.5996120112474067 -0.28114022994952853 0.7492833957000289 0 0 0 0 0 0
-2.7832412719726562 1.7167887687683105 -3.1605823040008545 0.013501642391397088 0.8779590188459544 0.4785453655399706 0.447154077942041 -0.43327073298628815 0.7825149854905831 0 0 0 0 0 0
-3.182548999786377 2.0946872234344482 -3.249382972717285 0.5133296581682645 0.8279862475398749 0.22567994135432087 0.34327122880580463 -0.4392575672657051 0.8301913352197599 0 0 0 0 0 0
-3.3993446826934814 2.6603200435638428 -3.341531276702881 0.8528946515084299 0.5214749962668844 -0.025190111090801208 0.28115275048828114 -0.4177505597527255 0.8639662034588848 0 0 0 0 0 0
-3.417243719100952 3.1106679439544678 -3.6034891605377197 0.9738618357783347 0.17424106995689925 -0.14571607445551954 0.20502790007619523 -0.3946588336548419 0.8956606306009803 0 0 0 0 0 0
-3.1451995372772217 3.5569863319396973 -3.947561264038086 0.9490714874017572 -0.23233767448035464 -0.2127968909972071 0.15100030067385725 -0.2574861161822123 0.9544107130422441 0 0 0 0 0 0
-2.73880934715271 3.70182728767395 -4.444911003112793 0.4575425250695321 -0.8717685679264613 -0.17514109091941701 0.3133273454510238 -0.026323847532182153 0.9492802692796881 0 0 0 0 0 0
-2.6844112873077393 3.5846524238586426 -4.935339450836182 0.06910679368701768 -0.987860819702445 0.1391231539432371 0.38504822777151326 0.15524359652545705 0.9097457271281125 0 0 0 0 0 0
-2.253171443939209 3.501718282699585 -5.518050670623779 0.9900241043125194 0.11002304318122134 -0.08801819612635142 -0.13616773899735052 0.6038650996657611 -0.7853695233850176 0 0 0 0 0 0
-2.628676652908325 2.900876760482788 -5.426853656768799 -0.3079883717191985 0.11509233966696637 0.9444029416704189 0.813163696385014 0.547361813102396 0.1978884747495884 0 0 0 0 0 0
-2.0720102787017822 2.672999143600464 -5.184300422668457 -0.7698792956742635 0.44570986726317857 0.45675878132373077 -0.43932429895083946 0.14800045370297707 -0.8860530605189885 0 0 0 0 0 0
-1.9657124280929565 2.712580919265747 -4.650622844696045 -0.5403209072138645 0.8101232860923097 0.22749412862442006 -0.2549356603609111 0.09958208048603497 -0.961816624062206 0 0 0 0 0 0
-1.9565074443817139 3.1304421424865723 -4.120953559875488 -0.9697678617647794 0.1525586364031473 0.19046300624262963 -0.1584810002565063 0.19952424107410238 -0.9669921663496042 0 0 0 0 0 0
-2.1726794242858887 3.399937152862549 -3.5978949069976807 -0.9598018347549343 -0.2643394913256057 0.09436668547099632 -0.18002677449946833 0.3214673816858576 -0.9296499787421912 0 0 0 0 0 0
-2.3888542652130127 3.4028196334838867 -3.1268398761749268 -0.8251409062219219 -0.563927179339102 -0.03359495917410479 -0.2155547001513906 0.3677666147228296 -0.9045904533754232 0 0 0 0 0 0
-2.741032600402832 3.190706253051758 -2.6783854961395264 -0.4145921455877505 -0.8614947862055063 -0.29315539592112955 -0.27707821136772715 0.4259476568540588 -0.8612759478853441 0 0 0 0 0 0
-2.9271414279937744 2.7131755352020264 -2.371286153793335 0.06211996557095352 -0.8480156121341872 -0.5263179946136588 -0.3579920083626864 0.4731484774518623 -0.8049672292916247 0 0 0 0 0 0
-2.8845062255859375 2.111158609390259 -2.196197986602783 0.7328270711445272 -0.2542614536298536 -0.6311224896925858 -0.5397826933730319 0.3478190451539887 -0.7665876047544229 0 0 0 0 0 0
-2.611976385116577 1.654621958732605 -1.992899775505066 0.7468911589697088 -0.05244227064238883 -0.6628751050558132 -0.6362397530039006 0.23333142773322613 -0.7353607424451687 0 0 0 0 0 0
-2.0354485511779785 1.4411157369613647 -1.9427454471588135 0.5340212457831116 0.7478150549326006 -0.3944539930947651 -0.601817552215995 0.00852588654166412 -0.7985880935146897 0 0 0 0 0 0
-1.4268298149108887 1.4953821897506714 -1.8792576789855957 0.1403254261714871 0.9811547336766925 -0.13283133423108048 -0.5347481334162097 -0.03759559625194586 -0.8441747478753081 0 0 0 0 0 0
-0.9120076894760132 1.6328797340393066 -1.7067489624023438 -0.04737974368726135 0.9935220518850502 -0.10329129830846984 -0.4281709640543089 -0.11339350772835467 -0.8965553736082692 0 0 0 0 0 0
-0.1304035484790802 1.4264848232269287 -2.2799806594848633 0.7662724375792132 -0.3792754390973483 -0.5186296296047157 0.3790261325530227 0.9184113225605771 -0.11340120561277008 0 0 0 0 0 0
-0.07608971744775772 0.9427501559257507 -2.649641752243042 0.9270946399295881 -0.3724886288772166 -0.04180609968651657 0.36193857369401317 0.9171626774702308 -0.1667725754672533 0 0 0 0 0 0
0.21818141639232635 0.3645588755607605 -2.778995990753174 0.6757991034073819 -0.06256004950603647 0.7344261787542578 0.3836833344144654 0.8805797477478539 -0.27814817408878245 0 0 0 0 0 0
0.448575884103775 -0.13385967910289764 -2.582888603210449 0.27455578383477836 0.2391594969654797 0.9313548499761457 0.423663972366734 0.8394283577629806 -0.34039516844659357 0 0 0 0 0 0
0.5503256916999817 -0.5436808466911316 -2.2536227703094482 0.12659786205452014 0.3361018980750302 0.9332783590299235 0.4719835743399103 0.8072713763789225 -0.3543224949570692 0 0 0 0 0 0
0.5830850601196289 -0.8371093273162842 -1.7191227674484253 -0.29312012092550394 0.5730071177640745 0.7653387731588711 0.550204426539298 0.7557774024421712 -0.3550712702744713 0 0 0 0 0 0
0.3284350335597992 -0.9471604228019714 -1.2026679515838623 -0.6462873725630792 0.6756641382018446 0.3546697117227103 0.5917221105612703 0.7371558880987217 -0.3262914962335071 0 0 0 0 0 0
-0.03297969698905945 -0.9481561779975891 -0.6553682684898376 -0.7095921468693864 0.4822202318457681 -0.5137534750246546 0.6332469592388824 0.756348283042691 -0.16412057565424998 0 0 0 0 0 0
0.5134140253067017 -1.1734153032302856 0.2814144790172577 0.28916476568024907 -0.524470777301102 0.8008209175878614 -0.5347153135223034 0.6053655659755391 0.5895863507713355 0 0 0 0 0 0
1.0788832902908325 -1.3640668392181396 0.31530705094337463 -0.1882928554565542 -0.7238608386184725 0.6637554420858475 -0.480725072028672 0.6573484423406306 0.5803416497851718 0 0 0 0 0 0
1.4534341096878052 -1.816593885421753 0.41128623485565186 -0.6656522033478858 -0.6774986273418356 0.31289415802797166 -0.40015683761514165 0.6780606758938508 0.6165291762084121 0 0 0 0 0 0
1.5704286098480225 -2.404939651489258 0.4484463036060333 -0.9122653681845567 -0.4035561784131256 -0.07010213174853185 -0.33761955050437004 0.6433476743646098 0.687107567275223 0 0 0 0 0 0
1.5159541368484497 -2.9795799255371094 0.36104974150657654 -0.919533081902186 -0.008529424741565489 -0.39292004301262823 -0.32270585139998154 0.5868739479898348 0.7425899963257231 0 0 0 0 0 0
1.4105041027069092 -3.461183786392212 0.11745864152908325 -0.8607477579179239 0.2250576183877663 -0.45657679052366823 -0.2829197825336508 0.5339405808087815 0.7967834416054923 0 0 0 0 0 0
1.0897550582885742 -3.724024772644043 -0.3648248612880707 -0.18242092325669748 0.8178318167856556 -0.545778092461806 -0.4369615841374773 0.4298804564717552 0.7901059214635096 0 0 0 0 0 0
0.9777042865753174 -3.8398759365081787 -0.90983647108078 0.024516884871171218 0.8764351972517682 -0.48089527693092143 -0.5655226707585393 0.409003005794398 0.7161708246705364 0 0 0 0 0 0
1.084344744682312 -3.671175479888916 -1.4818567037582397 0.444367554024612 0.8916020916310735 -0.08708149705464575 -0.6500311732746165 0.3879833074294954 0.6533976024805229 0 0 0 0 0 0
1.4577102661132812 -3.400136709213257 -1.9175865650177002 0.6872759040600205 0.3969818799162879 0.6083232847069159 -0.7159769376641545 0.511818147515694 0.47478332806308876 0 0 0 0 0 0
1.9434982538223267 -3.3648505210876465 -2.1483314037323 0.5521724764199468 0.16619626127037024 0.8169971597404816 -0.7193614350698389 0.590296346296147 0.36615481600503513 0 0 0 0 0 0
2.6772611141204834 -3.258944272994995 -2.0283260345458984 0.18232225220365192 -0.2779853168410571 0.9431239366976989 -0.5990194317052772 0.7292448238155878 0.3307230070280257 0 0 0 0 0 0
3.1837525367736816 -3.4979536533355713 -1.8087668418884277 -0.2481513746190436 -0.5613886248386365 0.7894705233106958 -0.4895570981700109 0.7759167046853288 0.3978531324768204 0 0 0 0 0 0
3.4794890880584717 -3.8991103172302246 -1.6852854490280151 -0.5210077661832373 -0.6381404276445075 0.5668577442202216 -0.43831463454235275 0.7697449780803676 0.46408291270640223 0 0 0 0 0 0
3.5873138904571533 -4.471136093139648 -1.5078661441802979 -0.8402553895390126 -0.5298160065509665 0.11517760004891814 -0.3730900317836978 0.71726105141062 0.5885069348044861 0 0 0 0 0 0
3.5086426734924316 -5.086393356323242 -1.5126110315322876 -0.9402266554278437 -0.18325454642990122 -0.2870393834228017 -0.3331851502013119 0.6704010700771572 0.6629857169839573 0 0 0 0 0 0
3.1995151042938232 -5.542489051818848 -1.8609780073165894 -0.5979185210142209 0.5051802671036724 -0.6223233403603216 -0.4161027556034291 0.4679945417313522 0.7796406901187847 0 0 0 0 0 0
3.15618896484375 -5.731603145599365 -2.3323769569396973 -0.28026117634200365 0.8535067427014605 -0.43929479077100275 -0.41918794615504745 0.3026807164715435 0.8559590233618581 0 0 0 0 0 0
2.761025905609131 -6.080593585968018 -2.839479684829712 -0.9434735231066691 -0.33007023815782544 0.030188558745422332 0.3055511130930834 -0.903599097327268 -0.30024521411160676 0 0 0 0 0 0
3.0125536918640137 -5.476820468902588 -3.1212236881256104 0.2364808495278163 0.4957306750378344 0.8356601615687653 -0.7119136986657144 -0.49733601562394375 0.49581828648750237 0 0 0 0 0 0
2.4055044651031494 -5.269972801208496 -3.0309536457061768 0.7969362942109391 0.05713821460112851 0.6013549429426275 0.5332736662455638 -0.533297211806645 -0.6566683186878084 0 0 0 0 0 0
2.2712013721466064 -5.041340351104736 -2.562872886657715 0.6639004459630977 -0.39866332478689404 0.6326956229656241 0.4031907297168795 -0.521732088642741 -0.7518197012255353 0 0 0 0 0 0
2.2530741691589355 -5.109084606170654 -1.9145519733428955 0.9374572019293199 0.2673423624691314 0.22293957876580278 0.34554354951532024 -0.6370071235029926 -0.6890729859708596 0 0 0 0 0 0
2.4291083812713623 -4.969944000244141 -1.3486511707305908 0.8005068695651834 0.5638144998366202 -0.20322884035719974 0.34056409512263525 -0.7069334985798524 -0.6198879944788013 0 0 0 0 0 0
2.6980855464935303 -4.596979141235352 -0.9711322784423828 0.4313086813062643 0.6660901495838797 -0.60852011803816 0.39894189104566646 -0.745588495457094 -0.533800677229745 0 0 0 0 0 0
2.8107049465179443 -4.131012439727783 -0.7569171786308289 0.15108165900156773 0.5456029565289598 -0.8243128933482673 0.45020440434784614 -0.7800596957252489 -0.43453753049746235 0 0 0 0 0 0
2.8418548107147217 -3.530092716217041 -0.7886930108070374 -0.25447963876905244 0.2153700523158912 -0.9427915220330647 0.5452908740312419 -0.7731809668887049 -0.3238040381763199 0 0 0 0 0 0
2.6379706859588623 -2.955082654953003 -1.1419262886047363 -0.6389300482325996 -0.2197902867358427 -0.7371978183107057 0.6753925508450145 -0.6191345633343104 -0.4006460966337965 0 0 0 0 0 0
2.279801845550537 -2.572458028793335 -1.2786906957626343 -0.6806122779053351 -0.48773225699426703 -0.5467030022341098 0.7253468599239842 -0.5497233820498646 -0.4143381904025679 0 0 0 0 0 0
1.6310268640518188 -2.506561756134033 -1.4210515022277832 -0.40879285653444697 -0.8969427532643034 0.168469872122756 0.6828870140255268 -0.42327141123525697 -0.5954046006760564 0 0 0 0 0 0
1.0630913972854614 -2.6048226356506348 -1.3034361600875854 -0.008912981251230525 -0.8506346411947783 0.5256817154558888 0.5732452320553622 -0.4353960311672477 -0.6941326962257309 0 0 0 0 0 0
0.5733996629714966 -2.7245006561279297 -1.0409901142120361 0.21611311921285328 -0.8041296130520299 0.5537785524168337 0.42446072161327225 -0.43353154376022973 -0.7949109990259365 0 0 0 0 0 0
-0.3014574944972992 -2.7769033908843994 -1.5158042907714844 -0.8500747009188938 0.010143518891295136 -0.5265644422880787 -0.2687507859544138 -0.8686559224442189 0.41618493900124276 0 0 0 0 0 0
-0.5334457159042358 -2.4473628997802734 -2.0418617725372314 -0.9273350279141215 0.28914327869429846 0.2375834808849864 -0.23432811234095757 -0.9436519388136863 0.23369072326451967 0 0 0 0 0 0
-0.7039893865585327 -1.9847887754440308 -2.3202340602874756 -0.8726346422859769 0.24564921659134661 0.4220962490599543 -0.21930722876379266 -0.9693531859121359 0.1107191960499063 0 0 0 0 0 0
-1.0797309875488281 -1.4307811260223389 -2.2745070457458496 -0.25813351443237337 0.06345721631716138 0.9640229615647485 -0.3553512709818487 -0.9341315549669155 -0.03352181717445169 0 0 0 0 0 0
-1.2194546461105347 -0.9310302138328552 -2.044963836669922 0.17417132997183468 -0.16080215705077502 0.9714973052477603 -0.48742186784571534 -0.8713080509778759 -0.056940346389264006 0 0 0 0 0 0
-1.1656804084777832 -0.5236122012138367 -1.603909969329834 0.6309770570858884 -0.4273937996961165 0.6474584877909526 -0.5587802220659793 -0.8293116632151737 -0.0026131749228051936 0 0 0 0 0 0
-0.9769094586372375 -0.15109147131443024 -1.1943594217300415 0.7017057580765108 -0.455057719006931 0.5482075350216177 -0.5909058670816292 -0.8015001403416626 0.09180294810518376 0 0 0 0 0 0
-0.4475023150444031 0.005381782539188862 -0.9051889181137085 0.6062439371804859 -0.6623463797923261 -0.4401880982124604 -0.6396906333472507 -0.7350667747390257 0.2246613680243222 0 0 0 0 0 0
0.12465440481901169 0.08086971938610077 -0.8989806771278381 0.2824997374269806 -0.5642580303176835 -0.775762059897038 -0.572426412734277 -0.7480599775059813 0.3357592471666537 0 0 0 0 0 0
0.6865149140357971 0.06757879257202148 -1.1444227695465088 -0.20318594444013313 -0.2955942520885844 -0.9334556819229083 -0.5234104829922093 -0.7729749265214089 0.35854041510419005 0 0 0 0 0 0
1.062868356704712 0.16684864461421967 -1.506665587425232 -0.39095312929865655 -0.19098906126358808 -0.900377048335441 -0.4713463053237448 -0.7991485315831314 0.3730875030420882 0 0 0 0 0 0
1.271667242050171 0.30549243092536926 -2.0545907020568848 -0.7699388579356948 0.06979868100398391 -0.634288813688829 -0.3792721081177297 -0.8497804483738941 0.36609542139365314 0 0 0 0 0 0
1.1578524112701416 0.6263298392295837 -2.615145683288574 -0.916797599804428 0.38226563138638564 0.11556447574236624 -0.35291424928471093 -0.9108173558432532 0.2141571314397773 0 0 0 0 0 0
0.9151656627655029 1.097152829170227 -2.8854589462280273 -0.6858111968935003 0.3761748324736979 0.6230212657918587 -0.38163959715681867 -0.9148002359158801 0.13225636563217355 0 0 0 0 0 0
0.6507152915000916 1.6326935291290283 -2.8973231315612793 -0.22063338642268537 0.19420214315809686 0.9558276185528748 -0.44706173964165064 -0.8910990502504446 0.07796334774326139 0 0 0 0 0 0
0.5531797409057617 2.1737499237060547 -2.804999589920044 -0.03508240311202994 0.11251808260608645 0.9930301637304554 -0.5565685878200831 -0.827487420259945 0.07413485255599858 0 0 0 0 0 0
0.6659324169158936 2.618654251098633 -2.3822994232177734 0.6059503339721732 -0.5045579443670278 0.6150166449252661 -0.7007830640653829 -0.7044687462850815 0.11236940253760735 0 0 0 0 0 0
1.0078145265579224 2.9174368381500244 -1.9918677806854248 0.6576147212745141 -0.7357090193868926 0.16209601215273592 -0.751750523194643 -0.6264202566306475 0.20607962771553712 0 0 0 0 0 0
1.5425153970718384 3.0295140743255615 -1.7502988576889038 0.4710734310327591 -0.8105093963018298 -0.3480866861594506 -0.7670422013947825 -0.571253212313001 0.29208907665560396 0 0 0 0 0 0
2.1592681407928467 2.962002992630005 -1.7410658597946167 0.19427840555993942 -0.7202919048321135 -0.665909508091312 -0.633974016840281 -0.6103141202956046 0.47496696784008163 0 0 0 0 0 0
2.6190834045410156 2.9806206226348877 -1.9810084104537964 -0.09119271854854095 -0.561363673832247 -0.8225294607400329 -0.5551262282360329 -0.6575677156350106 0.5093521081521011 0 0 0 0 0 0
2.9549388885498047 2.935363292694092 -2.504514694213867 -0.758676935456476 -0.003697275191822848 -0.6514565509399122 -0.39810927048468187 -0.7887445556440756 0.46839196694220114 0 0 0 0 0 0
3.148151159286499 3.0850789546966553 -3.03125 -0.860173129642535 0.08027792195772608 -0.5036443609205963 -0.3244530193273261 -0.8485399432779179 0.41798349597955353 0 0 0 0 0 0
2.9826128482818604 3.41650128364563 -3.5301644802093506 -0.8704029681631928 0.35582146151588284 0.34027894518674656 -0.299052370994853 -0.9312389921902858 0.2082345284211463 0 0 0 0 0 0
2.820838212966919 3.871633291244507 -3.7972304821014404 -0.7849299954278957 0.3495353481060836 0.5115759403079102 -0.34341658341303966 -0.9326067410476717 0.11094916308542314 0 0 0 0 0 0
2.5480685234069824 4.413707256317139 -3.796745777130127 -0.4154826774804071 0.19242293926577014 0.8890149364088511 -0.3854216991148833 -0.9225329480047197 0.01957226857360822 0 0 0 0 0 0
2.392939329147339 4.954921245574951 -3.443187952041626 0.30982382795622165 -0.2263165079120457 0.9234663144246522 -0.5931737176244114 -0.8050727550843436 0.001673242522581217 0 0 0 0 0 0
2.619419813156128 5.32981538772583 -3.1835274696350098 0.5087874584571765 -0.5853133293876424 0.6313031193949863 -0.7214946997895294 -0.6899525454917106 -0.058402766587945104 0 0 0 0 0 0
2.6177802085876465 5.836785316467285 -2.6468091011047363 -0.6808443787082994 0.2538610216761006 0.6870265741984628 0.0653281162771675 0.955681871194658 -0.28706166287673096 0 0 0 0 0 0
3.2068898677825928 5.430109024047852 -2.585742950439453 -0.26014333155753616 -0.7838346126565531 -0.5638517066106098 -0.9624804035264674 0.1650720366912132 0.2153664215474256 0 0 0 0 0 0
2.8774254322052 5.149626731872559 -2.101123571395874 0.048900252413545654 -0.22820237002291646 -0.9723849256492079 0.5697504917755289 0.8060690515554848 -0.16011577450702408 0 0 0 0 0 0
2.5649588108062744 4.724968433380127 -2.2111546993255615 -0.23335747970609763 0.14331455761040876 -0.9617719190339002 0.5311259555417864 0.8472893802562684 -0.002434225702944263 0 0 0 0 0 0
2.065242290496826 4.500433921813965 -2.621713161468506 0.4704511901932631 -0.24507049581503035 -0.847712291834156 0.429123212666124 0.9029513809672721 -0.02306668507611548 0 0 0 0 0 0
1.832506775856018 4.1541361808776855 -3.049910068511963 0.8236908229126236 -0.37016494498557506 -0.4295478340689793 0.37963277699860826 0.9226541084995069 -0.06773736559171054 0 0 0 0 0 0
1.7129120826721191 3.7162835597991943 -3.370030641555786 0.9190325686281128 -0.3271102462920992 -0.21995005017397778 0.3098314737476286 0.944271353555387 -0.11115785500831678 0 0 0 0 0 0
1.9259059429168701 3.157104015350342 -3.524091958999634 0.794500307572047 -0.030159361613592412 0.606514364359974 0.3025209087740327 0.8856109455098198 -0.3523838148209084 0 0 0 0 0 0
2.094503879547119 2.6116461753845215 -3.4507381916046143 0.7039973749282514 0.11669810656828275 0.7005492473891528 0.3204556495441985 0.8281908058848001 -0.45979143720070675 0 0 0 0 0 0
2.356259346008301 2.233877182006836 -2.9842119216918945 -0.00901878089950678 0.5850823094878298 0.8109237650454413 0.4855722308959734 0.7114601714449523 -0.5079803470905412 0 0 0 0 0 0
2.3250393867492676 1.9619828462600708 -2.533378839492798 -0.2634722185170553 0.7567778777668426 0.5982220606032639 0.5662675229496685 0.6235670595504609 -0.5389853566619771 0 0 0 0 0 0
2.155385971069336 1.9255986213684082 -1.9359235763549805 -0.5256244213092156 0.8095120879867108 0.2615514234844615 0.7073015126591868 0.5878658780284212 -0.3926044824500861 0 0 0 0 0 0
1.768187165260315 1.9572947025299072 -1.4594999551773071 -0.646854994248964 0.7219947022566252 -0.24556519771445615 0.76151593432264 0.6012376681745571 -0.24208830649318383 0 0 0 0 0 0
1.1861960887908936 2.0159430503845215 -1.33697509765625 -0.5204060680994526 0.48548221656057094 -0.702484549074713 0.7700718887121076 0.6220908109149311 -0.14139416250528364 0 0 0 0 0 0
0.5670508742332458 2.108881711959839 -1.5089794397354126 0.017804801435647714 -0.20976185765147431 -0.9775903805380042 0.6554143796863746 0.7407727287002971 -0.14726763159038406 0 0 0 0 0 0
0.12185921519994736 1.875003695487976 -1.7183955907821655 0.2796950362427359 -0.17494378049568368 -0.9440155509137826 0.43787996773542626 0.8983206111347871 -0.035794042331714813 0 0 0 0 0 0
-0.695727527141571 2.1883127689361572 -1.3187421560287476 -0.8009948627190056 0.5888391122414541 0.10805429094884546 -0.16343997406858038 -0.041250112769826444 -0.9856905209409993 0 0 0 0 0 0
-0.7314044237136841 2.6446526050567627 -0.9391273856163025 -0.9758582988374858 0.06420374098972044 0.20875454541861718 -0.20710021322716848 0.03366709302529314 -0.9777402663941419 0 0 0 0 0 0
-0.820789098739624 2.973750114440918 -0.4880199432373047 -0.9656781391650463 -0.17813683355775176 0.18903174354787958 -0.2175596938621233 0.15428067562605088 -0.9637765574732498 0 0 0 0 0 0
-1.1291613578796387 2.9901070594787598 0.016253603622317314 -0.7425714851680967 -0.6689960946987343 -0.0321218725028473 -0.24709505337407361 0.31690155715832335 -0.9157059777399588 0 0 0 0 0 0
-1.3949401378631592 2.738480567932129 0.48359790444374084 -0.3547657929680001 -0.8846757310828187 -0.3024732764606919 -0.301057484005653 0.4142924066298869 -0.8589098865032363 0 0 0 0 0 0
-1.5315353870391846 2.175647497177124 0.7806148529052734 0.4650848944503529 -0.6518307104786452 -0.599009821147374 -0.47801916357258994 0.38460435221569017 -0.7896690265637313 0 0 0 0 0 0
-1.4240936040878296 1.6942076683044434 1.0416926145553589 0.569770132624644 -0.4781902629476907 -0.6683532512009753 -0.5567554647355085 0.3726187358582505 -0.7424140557495846 0 0 0 0 0 0
